objname ra dec cutout_size E_B_V_SandF mean_E_B_V_SandF stdev_E_B_V_SandF max_E_B_V_SandF min_E_B_V_SandF AV_SandF E_B_V_SFD mean_E_B_V_SFD stdev_E_B_V_SFD max_E_B_V_SFD min_E_B_V_SFD AV_SFD errmsg
NGC2146A 95.98043 78.53001 5.0 0.0814 0.0791 0.0021 0.0824 0.0736 0.2524 0.0947 0.092 0.0025 0.0959 0.0856 0.2935 ""
NGC3726 173.33798 47.02922 5.0 0.0143 0.0143 0.0001 0.0146 0.014 0.0444 0.0167 0.0167 0.0002 0.017 0.0163 0.0517 ""
NGC3893 177.159 48.7109 5.0 0.0183 0.0183 0.0002 0.0187 0.018 0.0568 0.0213 0.0213 0.0002 0.0218 0.0209 0.066 ""
NGC3949 178.42415 47.85872 5.0 0.0185 0.0187 0.0004 0.02 0.0181 0.0573 0.0215 0.0217 0.0004 0.0233 0.0211 0.0666 ""
NGC4102 181.59603 52.71103 5.0 0.0174 0.0175 0.0002 0.0178 0.0172 0.0538 0.0202 0.0203 0.0002 0.0207 0.02 0.0626 ""
NGC0063 4.43964 11.45032 5.0 0.096 0.0957 0.0012 0.0987 0.0933 0.2975 0.1116 0.1113 0.0015 0.1148 0.1085 0.346 ""
NGC4383 186.35624 16.46999 5.0 0.0203 0.0204 0.0003 0.0211 0.02 0.0631 0.0237 0.0237 0.0003 0.0246 0.0233 0.0733 ""
NGC4501 187.99654 14.42027 5.0 0.0327 0.0325 0.0004 0.033 0.0312 0.1013 0.038 0.0378 0.0004 0.0383 0.0362 0.1178 ""
NGC4548 188.86023 14.49637 5.0 0.0326 0.033 0.0012 0.036 0.0312 0.1011 0.0379 0.0384 0.0014 0.0419 0.0363 0.1176 ""
NGC4579 189.43134 11.81819 5.0 0.035 0.0349 0.0008 0.0365 0.0329 0.1084 0.0407 0.0405 0.0009 0.0425 0.0382 0.1261 ""
NGC4689 191.93981 13.76286 5.0 0.0195 0.0197 0.0003 0.0207 0.019 0.0603 0.0226 0.0229 0.0004 0.024 0.0221 0.0702 ""
NGC4698 192.09548 8.48737 5.0 0.0223 0.0222 0.0002 0.0228 0.0219 0.069 0.0259 0.0258 0.0002 0.0265 0.0255 0.0802 ""
NGC4808 193.95386 4.30411 5.0 0.0316 0.0317 0.0004 0.0327 0.031 0.0981 0.0368 0.0368 0.0004 0.038 0.0361 0.114 ""
NGC3380 162.05083 28.6018 5.0 0.0217 0.0216 0.0006 0.0226 0.0206 0.0672 0.0252 0.0251 0.0007 0.0263 0.0239 0.0781 ""
NGC3684 171.79675 17.03014 5.0 0.0222 0.0222 0.0003 0.0225 0.0212 0.0689 0.0259 0.0258 0.0003 0.0261 0.0247 0.0801 ""
NGC4062 181.0158 31.89577 5.0 0.0212 0.0211 0.0003 0.022 0.0204 0.0656 0.0246 0.0246 0.0004 0.0256 0.0238 0.0763 ""
NGC4380 186.34241 10.01682 5.0 0.0203 0.0202 0.0005 0.021 0.0193 0.063 0.0236 0.0235 0.0005 0.0244 0.0225 0.0732 ""
NGC4523 188.45 15.16806 5.0 0.0339 0.0323 0.0024 0.0362 0.0276 0.1052 0.0395 0.0376 0.0027 0.0421 0.0321 0.1223 ""
NGC4536 188.61278 2.18824 5.0 0.0157 0.0157 0.0001 0.0159 0.0153 0.0487 0.0183 0.0182 0.0002 0.0185 0.0178 0.0566 ""
NGC4701 192.29835 3.38867 5.0 0.025 0.0251 0.0007 0.0257 0.0229 0.0775 0.0291 0.0292 0.0008 0.0299 0.0266 0.0901 ""
NGC5806 225.00172 1.89132 5.0 0.0437 0.0438 0.0006 0.0455 0.0427 0.1354 0.0508 0.0509 0.0007 0.0529 0.0496 0.1575 ""
NGC3020 147.52772 12.81356 5.0 0.0323 0.0315 0.0015 0.0341 0.029 0.1002 0.0376 0.0367 0.0018 0.0397 0.0337 0.1166 ""
NGC3547 167.48295 10.72103 5.0 0.0207 0.0206 0.0004 0.0216 0.0199 0.0643 0.0241 0.024 0.0005 0.0251 0.0231 0.0748 ""
NGC4438 186.94019 13.00889 5.0 0.0238 0.0237 0.0006 0.0248 0.0224 0.0738 0.0277 0.0276 0.0007 0.0288 0.026 0.0858 ""
NGC4498 187.91463 16.85282 5.0 0.0252 0.0251 0.0004 0.0257 0.0239 0.078 0.0293 0.0291 0.0005 0.0299 0.0278 0.0907 ""
NGC3659 170.93948 17.81851 5.0 0.0166 0.0165 0.0002 0.0169 0.0161 0.0515 0.0193 0.0192 0.0002 0.0197 0.0187 0.0599 ""
NGC4496A 187.91377 3.93953 5.0 0.0211 0.0211 0.0004 0.0218 0.0199 0.0653 0.0245 0.0245 0.0005 0.0253 0.0232 0.076 ""
NGC4359 186.04646 31.52164 5.0 0.0212 0.0195 0.0017 0.0222 0.0159 0.0659 0.0247 0.0227 0.0019 0.0258 0.0185 0.0766 ""
NGC4771 193.33857 1.26929 5.0 0.017 0.017 0.0003 0.0177 0.0163 0.0526 0.0197 0.0197 0.0004 0.0206 0.0189 0.0611 ""
NGC4654 190.98593 13.12659 5.0 0.0224 0.0224 0.0001 0.0226 0.0223 0.0693 0.026 0.0261 0.0001 0.0263 0.0259 0.0806 ""
NGC4519 188.37601 8.65481 5.0 0.0173 0.0172 0.0003 0.0178 0.0164 0.0538 0.0202 0.02 0.0004 0.0207 0.0191 0.0625 ""
NGC5300 207.06685 3.95087 5.0 0.0198 0.0197 0.0001 0.0199 0.0194 0.0612 0.023 0.0229 0.0002 0.0232 0.0226 0.0712 ""
NGC5364 209.04998 5.01485 5.0 0.0234 0.0234 0.0002 0.0239 0.0228 0.0725 0.0272 0.0272 0.0003 0.0278 0.0265 0.0843 ""
NGC0803 30.93641 16.03116 5.0 0.0448 0.0446 0.0005 0.0455 0.0436 0.1388 0.0521 0.0519 0.0006 0.0529 0.0507 0.1614 ""
NGC0918 36.46152 18.49639 5.0 0.3031 0.303 0.0189 0.3522 0.2615 0.9395 0.3524 0.3524 0.022 0.4095 0.304 1.0925 ""
NGC6643 274.94407 74.56839 5.0 0.0513 0.0513 0.0005 0.0521 0.0498 0.1591 0.0597 0.0596 0.0006 0.0606 0.058 0.1851 ""
NGC0672 26.97681 27.43265 5.0 0.0672 0.067 0.001 0.0688 0.0651 0.2082 0.0781 0.0779 0.0011 0.08 0.0757 0.2421 ""
NGC3389 162.11634 12.53331 5.0 0.0233 0.0234 0.0002 0.0237 0.0228 0.0724 0.0271 0.0272 0.0002 0.0275 0.0265 0.0842 ""
NGC3486 165.09956 28.97511 5.0 0.0186 0.0188 0.0005 0.02 0.0181 0.0577 0.0216 0.0218 0.0005 0.0233 0.0211 0.0671 ""
NGC3686 171.93327 17.22419 5.0 0.0209 0.0209 0.0004 0.0216 0.0201 0.0648 0.0243 0.0243 0.0004 0.0252 0.0233 0.0753 ""
NGC3733 173.75687 54.85059 5.0 0.0133 0.0127 0.0015 0.0149 0.0098 0.0411 0.0154 0.0148 0.0017 0.0174 0.0114 0.0478 ""
NGC3756 174.20006 54.29359 5.0 0.0098 0.0098 0.0004 0.011 0.0088 0.0304 0.0114 0.0114 0.0005 0.0127 0.0102 0.0353 ""
NGC3928 177.94844 48.68324 5.0 0.0168 0.0166 0.0004 0.0171 0.0154 0.052 0.0195 0.0193 0.0005 0.0199 0.0179 0.0604 ""
NGC4116 181.90469 2.69074 5.0 0.0187 0.0189 0.0007 0.0209 0.0179 0.0581 0.0218 0.022 0.0008 0.0243 0.0208 0.0676 ""
NGC5195 202.49808 47.26617 5.0 0.0306 0.0299 0.0008 0.0312 0.0273 0.0949 0.0356 0.0348 0.0009 0.0363 0.0317 0.1103 ""
NGC5523 213.71814 25.31769 5.0 0.0163 0.0163 0.0002 0.0167 0.0158 0.0506 0.019 0.019 0.0003 0.0195 0.0183 0.0588 ""
NGC7497 347.26427 18.17756 5.0 0.1557 0.1494 0.0145 0.167 0.1117 0.4828 0.1811 0.1737 0.0169 0.1942 0.1299 0.5613 ""
NGC3729 173.45573 53.12555 5.0 0.0098 0.0098 0.0004 0.0107 0.0089 0.0304 0.0114 0.0114 0.0005 0.0124 0.0103 0.0353 ""
NGC4274 184.96082 29.6147 5.0 0.0193 0.0194 0.0001 0.02 0.0192 0.0598 0.0224 0.0225 0.0002 0.0232 0.0223 0.0695 ""
NGC5669 218.18283 9.89181 5.0 0.0234 0.0234 0.0002 0.0238 0.0229 0.0724 0.0272 0.0272 0.0002 0.0277 0.0266 0.0842 ""
NGC7743 356.08812 9.9342 5.0 0.0588 0.0594 0.0029 0.065 0.0534 0.1821 0.0683 0.0691 0.0033 0.0756 0.062 0.2118 ""
NGC3032 148.03396 29.23622 5.0 0.0144 0.0143 0.0003 0.0148 0.0135 0.0446 0.0167 0.0167 0.0003 0.0173 0.0157 0.0519 ""
NGC4389 186.3965 45.6846 5.0 0.0125 0.0125 0.0001 0.0128 0.0123 0.0388 0.0146 0.0145 0.0002 0.0148 0.0143 0.0451 ""
NGC2748 138.42917 76.47538 5.0 0.0228 0.0232 0.0012 0.0265 0.0213 0.0708 0.0266 0.0269 0.0013 0.0309 0.0247 0.0824 ""
NGC3423 162.80955 5.84005 5.0 0.0256 0.0256 0.0003 0.0262 0.0251 0.0792 0.0297 0.0298 0.0003 0.0305 0.0292 0.0921 ""
NGC7814 0.81213 16.14531 5.0 0.0385 0.0383 0.0003 0.0389 0.0372 0.1193 0.0448 0.0445 0.0004 0.0452 0.0433 0.1387 ""
NGC1055 40.43845 0.44333 5.0 0.0282 0.0283 0.0003 0.029 0.0274 0.0874 0.0328 0.0329 0.0004 0.0338 0.0319 0.1016 ""
NGC3169 153.56273 3.46608 5.0 0.0266 0.0266 0.0002 0.0268 0.0262 0.0826 0.031 0.0309 0.0002 0.0311 0.0304 0.096 ""
NGC3556 167.87881 55.67433 5.0 0.0145 0.0147 0.0013 0.0181 0.0134 0.045 0.0169 0.0171 0.0015 0.0211 0.0155 0.0523 ""
NGC3675 171.5357 43.58603 5.0 0.0169 0.017 0.0003 0.018 0.0162 0.0525 0.0197 0.0197 0.0003 0.0209 0.0188 0.0611 ""
NGC3941 178.23071 36.98633 5.0 0.0182 0.0181 0.0002 0.0183 0.0176 0.0564 0.0211 0.021 0.0002 0.0213 0.0205 0.0655 ""
NGC4088 181.39284 50.53939 5.0 0.0169 0.0169 0.0002 0.0173 0.0166 0.0524 0.0196 0.0197 0.0002 0.0201 0.0193 0.0609 ""
NGC4244 184.37272 37.80735 5.0 0.0179 0.0179 0.0001 0.018 0.0178 0.0555 0.0208 0.0208 0.0001 0.021 0.0207 0.0645 ""
NGC4262 184.87741 14.87765 5.0 0.0307 0.0306 0.0011 0.0329 0.0283 0.0951 0.0357 0.0356 0.0013 0.0382 0.033 0.1106 ""
NGC4472 187.44484 8.00048 5.0 0.0192 0.0191 0.0002 0.0198 0.0187 0.0595 0.0223 0.0222 0.0003 0.023 0.0217 0.0692 ""
NGC4551 188.90824 12.26395 5.0 0.0337 0.034 0.0013 0.0368 0.032 0.1046 0.0392 0.0395 0.0015 0.0428 0.0373 0.1216 ""
NGC5248 204.38343 8.88525 5.0 0.021 0.0211 0.0001 0.0214 0.0209 0.0652 0.0245 0.0245 0.0001 0.0248 0.0243 0.0758 ""
NGC5879 227.44468 57.00026 5.0 0.0106 0.0106 0.0001 0.0107 0.0105 0.033 0.0124 0.0124 0.0001 0.0125 0.0122 0.0384 ""
NGC4138 182.37417 43.68531 5.0 0.0121 0.0121 0.0001 0.0122 0.0119 0.0374 0.014 0.0141 0.0001 0.0142 0.0139 0.0435 ""
NGC2742 136.89012 60.47934 5.0 0.0335 0.0334 0.0005 0.0343 0.0319 0.1038 0.0389 0.0389 0.0005 0.0399 0.0371 0.1207 ""
NGC4468 187.37872 14.0491 5.0 0.0377 0.0376 0.0021 0.0417 0.034 0.1169 0.0438 0.0438 0.0025 0.0485 0.0395 0.1359 ""
NGC4647 190.88471 11.58278 5.0 0.0226 0.0227 0.0003 0.0234 0.022 0.0701 0.0263 0.0263 0.0004 0.0273 0.0255 0.0815 ""
NGC3338 160.53133 13.74705 5.0 0.0268 0.0268 0.0003 0.0272 0.0258 0.0831 0.0312 0.0311 0.0003 0.0316 0.03 0.0966 ""
NGC4448 187.06428 28.62033 5.0 0.0201 0.0198 0.0008 0.0209 0.0181 0.0624 0.0234 0.023 0.0009 0.0243 0.0211 0.0726 ""
NGC5033 198.36447 36.59392 5.0 0.0099 0.01 0.0003 0.011 0.0097 0.0307 0.0115 0.0117 0.0004 0.0128 0.0113 0.0358 ""
NGC6951 309.30883 66.1056 5.0 0.3194 0.3189 0.0086 0.3315 0.2981 0.9902 0.3714 0.3708 0.0099 0.3855 0.3466 1.1514 ""
NGC4051 180.79003 44.53131 5.0 0.0112 0.0112 0.0001 0.0114 0.011 0.0348 0.0131 0.0131 0.0001 0.0133 0.0128 0.0405 ""
NGC3227 155.8774 19.8651 5.0 0.0195 0.0194 0.0001 0.0197 0.0191 0.0604 0.0227 0.0226 0.0002 0.0229 0.0222 0.0703 ""
NGC3626 170.01585 18.35684 5.0 0.0167 0.0167 0.0003 0.0171 0.0162 0.0517 0.0194 0.0194 0.0003 0.0199 0.0189 0.0601 ""
NGC7280 336.6149 16.14819 5.0 0.0476 0.0475 0.0004 0.0481 0.0465 0.1477 0.0554 0.0552 0.0004 0.0559 0.054 0.1718 ""
NGC4123 182.04632 2.87834 5.0 0.0172 0.0172 0.0002 0.0175 0.017 0.0533 0.02 0.02 0.0002 0.0204 0.0198 0.062 ""
NGC3810 175.24486 11.47121 5.0 0.0378 0.0381 0.0007 0.0401 0.0368 0.1171 0.0439 0.0443 0.0008 0.0467 0.0427 0.1362 ""
NGC3368 161.69035 11.82 5.0 0.0217 0.0217 0.0002 0.0221 0.0214 0.0672 0.0252 0.0252 0.0002 0.0257 0.0249 0.0781 ""
NGC3705 172.53135 9.27667 5.0 0.0399 0.04 0.0009 0.0422 0.0386 0.1236 0.0464 0.0465 0.001 0.0491 0.0449 0.1438 ""
NGC4414 186.61312 31.22353 5.0 0.0167 0.0168 0.0002 0.0175 0.0165 0.0518 0.0194 0.0196 0.0003 0.0204 0.0192 0.0602 ""
NGC3953 178.45429 52.3268 5.0 0.0258 0.0263 0.0012 0.0303 0.0246 0.0799 0.03 0.0306 0.0014 0.0352 0.0287 0.0929 ""
NGC5921 230.48537 5.07064 5.0 0.0343 0.0344 0.0003 0.035 0.0339 0.1065 0.0399 0.04 0.0003 0.0407 0.0394 0.1238 ""
NGC3359 161.65351 63.22421 5.0 0.0072 0.0072 0.0001 0.0076 0.007 0.0223 0.0084 0.0084 0.0001 0.0089 0.0082 0.0259 ""
NGC4237 184.29775 15.32404 5.0 0.0258 0.0257 0.0002 0.0261 0.0252 0.08 0.03 0.0299 0.0003 0.0303 0.0293 0.093 ""
NGC4212 183.91407 13.9015 5.0 0.0285 0.0284 0.0004 0.029 0.0276 0.0882 0.0331 0.0331 0.0004 0.0338 0.0321 0.1026 ""
NGC3049 148.70652 9.2711 5.0 0.033 0.0331 0.0009 0.035 0.0308 0.1023 0.0384 0.0384 0.0011 0.0407 0.0359 0.1189 ""
NGC4725 192.61072 25.50077 5.0 0.0102 0.0102 0.0002 0.0106 0.0095 0.0315 0.0118 0.0118 0.0003 0.0123 0.0111 0.0367 ""
NGC3351 160.9906 11.70374 5.0 0.0238 0.0239 0.0001 0.0242 0.0236 0.0738 0.0277 0.0278 0.0001 0.0282 0.0275 0.0859 ""
NGC5112 200.48516 38.73457 5.0 0.0094 0.0092 0.0002 0.0096 0.0087 0.029 0.0109 0.0107 0.0003 0.0112 0.0101 0.0338 ""
NGC6207 250.76548 36.83222 5.0 0.0131 0.0131 0.0002 0.0135 0.0127 0.0405 0.0152 0.0152 0.0002 0.0157 0.0148 0.0471 ""
NGC1530 65.86142 75.29548 5.0 0.1292 0.1297 0.0015 0.1341 0.1276 0.4005 0.1502 0.1508 0.0017 0.156 0.1483 0.4657 ""
NGC0972 38.55554 29.31136 5.0 0.0917 0.0922 0.0008 0.0954 0.0914 0.2844 0.1067 0.1072 0.001 0.1109 0.1063 0.3307 ""
NGC2541 123.66728 49.06193 5.0 0.0428 0.0429 0.0003 0.0433 0.0422 0.1328 0.0498 0.0499 0.0003 0.0504 0.0491 0.1544 ""
NGC3027 148.91794 72.20372 5.0 0.0294 0.0294 0.0016 0.0326 0.0265 0.0911 0.0342 0.0342 0.0019 0.0379 0.0309 0.106 ""
NGC0925 36.82016 33.57912 5.0 0.0653 0.0656 0.0011 0.0686 0.0645 0.2025 0.076 0.0763 0.0012 0.0798 0.075 0.2355 ""
NGC2841 140.5111 50.97661 5.0 0.0133 0.0131 0.0004 0.0142 0.0123 0.0411 0.0154 0.0152 0.0005 0.0165 0.0143 0.0478 ""
NGC3031 148.88822 69.0653 5.0 0.069 0.0689 0.0001 0.0691 0.0686 0.2138 0.0802 0.0801 0.0001 0.0803 0.0798 0.2486 ""
NGC2903 143.04213 21.50083 5.0 0.0267 0.0269 0.0003 0.0279 0.0264 0.0829 0.0311 0.0313 0.0003 0.0325 0.0307 0.0964 ""
NGC2403 114.21374 65.60268 5.0 0.0344 0.0344 0.0001 0.0346 0.0343 0.1065 0.0399 0.04 0.0001 0.0402 0.0399 0.1238 ""
NGC3627 170.06254 12.99161 5.0 0.0287 0.0287 0.0012 0.0314 0.0272 0.089 0.0334 0.0334 0.0014 0.0365 0.0316 0.1035 ""
NGC4736 192.72109 41.12046 5.0 0.0153 0.0155 0.0004 0.0165 0.015 0.0474 0.0178 0.018 0.0004 0.0192 0.0175 0.0552 ""
NGC5055 198.95537 42.02933 5.0 0.0151 0.0153 0.0003 0.0162 0.015 0.0468 0.0175 0.0178 0.0003 0.0189 0.0174 0.0544 ""
NGC4826 194.18196 21.68299 5.0 0.0356 0.0356 0.0005 0.0366 0.0339 0.1104 0.0414 0.0414 0.0006 0.0426 0.0395 0.1283 ""
NGC7331 339.26693 34.41576 5.0 0.0784 0.0783 0.0007 0.0793 0.0757 0.2429 0.0911 0.0911 0.0009 0.0922 0.088 0.2824 ""
NGC7741 355.97669 26.07552 5.0 0.0649 0.0645 0.0009 0.0656 0.0615 0.2011 0.0754 0.075 0.0011 0.0763 0.0715 0.2338 ""
NGC4258 184.7396 47.30397 5.0 0.0139 0.0141 0.0003 0.0148 0.0135 0.0431 0.0161 0.0164 0.0004 0.0172 0.0157 0.0501 ""
NGC4374 186.2656 12.88698 5.0 0.0344 0.034 0.0018 0.0366 0.0303 0.1065 0.04 0.0395 0.0021 0.0426 0.0353 0.1239 ""
NGC4298 185.38653 14.60605 5.0 0.0303 0.0306 0.0004 0.0319 0.0301 0.0941 0.0353 0.0356 0.0005 0.0371 0.035 0.1094 ""
NGC4568 189.14293 11.23903 5.0 0.0279 0.0279 0.0004 0.0283 0.0269 0.0866 0.0325 0.0324 0.0004 0.033 0.0312 0.1007 ""
NGC2787 139.82759 69.20323 5.0 0.1159 0.1136 0.007 0.1288 0.0993 0.3594 0.1348 0.1321 0.0081 0.1497 0.1154 0.4179 ""
NGC4636 190.70761 2.6878 5.0 0.0247 0.0239 0.0006 0.0248 0.0227 0.0765 0.0287 0.0278 0.0007 0.0288 0.0264 0.089 ""
NGC0598 23.46204 30.66022 5.0 0.0356 0.0359 0.0005 0.037 0.0351 0.1102 0.0413 0.0418 0.0006 0.0431 0.0409 0.1282 ""
NGC0864 33.86516 6.00249 5.0 0.0415 0.0416 0.0004 0.0424 0.0408 0.1288 0.0483 0.0483 0.0005 0.0493 0.0474 0.1497 ""
NGC5194 202.46963 47.19521 5.0 0.0302 0.0308 0.0015 0.0362 0.0294 0.0935 0.0351 0.0359 0.0017 0.042 0.0342 0.1088 ""
NGC4293 185.3034 18.38258 5.0 0.034 0.034 0.0004 0.035 0.0334 0.1053 0.0395 0.0395 0.0004 0.0407 0.0388 0.1225 ""
NGC4457 187.24592 3.57057 5.0 0.0187 0.0187 0.0003 0.0193 0.0179 0.0579 0.0217 0.0217 0.0003 0.0225 0.0209 0.0673 ""
NGC4569 189.20753 13.16294 5.0 0.0403 0.0396 0.0011 0.0414 0.0374 0.125 0.0469 0.0461 0.0012 0.0481 0.0435 0.1453 ""
NGC4450 187.12331 17.08503 5.0 0.024 0.0239 0.0004 0.0247 0.0229 0.0744 0.0279 0.0278 0.0004 0.0287 0.0266 0.0866 ""
NGC4580 189.45141 5.36858 5.0 0.0207 0.0205 0.0004 0.0212 0.019 0.0642 0.0241 0.0239 0.0005 0.0246 0.0221 0.0746 ""
NGC4145 182.50625 39.88384 5.0 0.0246 0.0246 0.0002 0.0249 0.024 0.0762 0.0286 0.0286 0.0003 0.029 0.0279 0.0886 ""
NGC6015 237.85536 62.31007 5.0 0.0107 0.0109 0.0002 0.0112 0.0104 0.0333 0.0125 0.0126 0.0002 0.0131 0.0121 0.0387 ""
NGC7177 330.17171 17.73796 5.0 0.0627 0.0629 0.0013 0.0653 0.0603 0.1944 0.0729 0.0731 0.0015 0.0759 0.0702 0.2261 ""
NGC3813 175.3276 36.54681 5.0 0.0163 0.0163 0.0001 0.0165 0.0162 0.0507 0.019 0.019 0.0001 0.0192 0.0188 0.0589 ""
NGC4559 188.99012 27.95996 5.0 0.0151 0.0151 0.0001 0.0153 0.0149 0.0469 0.0176 0.0176 0.0001 0.0178 0.0173 0.0546 ""
NGC5665 218.10741 8.07856 5.0 0.0215 0.0216 0.0001 0.0218 0.0211 0.0668 0.025 0.0251 0.0001 0.0253 0.0246 0.0776 ""
NGC3998 179.48389 55.45359 5.0 0.0144 0.013 0.001 0.0148 0.0113 0.0447 0.0168 0.0151 0.0012 0.0172 0.0132 0.052 ""
NGC3930 177.94191 38.01512 5.0 0.0189 0.0189 0.0001 0.0191 0.0187 0.0586 0.022 0.022 0.0001 0.0223 0.0218 0.0682 ""
NGC4356 186.06018 8.53564 5.0 0.023 0.022 0.0007 0.0233 0.0206 0.0713 0.0267 0.0255 0.0008 0.0271 0.024 0.0829 ""
NGC5645 217.66391 7.27521 5.0 0.0234 0.0233 0.0005 0.0243 0.0224 0.0725 0.0272 0.0271 0.0006 0.0282 0.0261 0.0843 ""
